v1v2 1 2 19
v1v3 1 3 14
v1v4 1 4 8
v2v3 2 3 1
v2v4 2 4 3
v3v4 3 4 13
v1v5 1 5 9
v2v5 2 5 9
v3v5 3 5 8
v1v6 1 6 18
v2v6 2 6 7
v5v6 5 6 2
v5v7 5 7 12
v1v7 1 7 15
v6v7 6 7 14
v1v8 1 8 1
v2v8 2 8 13
v4v8 4 8 17
v1v9 1 9 17
v3v9 3 9 5
v4v9 4 9 4
v2v10 2 10 4
v3v10 3 10 18
v5v10 5 10 17
v1v11 1 11 14
v2v11 2 11 17
v6v11 6 11 8
v4v12 4 12 3
v1v12 1 12 13
v9v12 9 12 2
v2v13 2 13 7
v4v13 4 13 3
v8v13 8 13 15
v9v14 9 14 14
v4v14 4 14 18
v12v14 12 14 13
v2v15 2 15 17
v5v15 5 15 17
v6v15 6 15 16
v3v16 3 16 20
v1v16 1 16 15
v5v16 5 16 8
v6v17 6 17 16
v5v17 5 17 18
v7v17 7 17 5
v3v18 3 18 11
v1v18 1 18 1
v16v18 16 18 9
v2v19 2 19 20
v3v19 3 19 12
v4v19 4 19 3
v5v20 5 20 3
v3v20 3 20 4
v16v20 16 20 2
v5v21 5 21 10
v6v21 6 21 6
v15v21 15 21 8
v5v22 5 22 8
v2v22 2 22 1
v10v22 10 22 5
v4v23 4 23 1
v2v23 2 23 8
v19v23 19 23 3
v12v24 12 24 2
v9v24 9 24 13
v14v24 14 24 17
v14v25 14 25 8
v12v25 12 25 4
v24v25 24 25 3
v9v26 9 26 9
v14v26 14 26 6
v24v26 24 26 14
v3v27 3 27 17
v5v27 5 27 7
v10v27 10 27 18
v3v28 3 28 6
v5v28 5 28 11
v27v28 27 28 4
v10v29 10 29 4
v3v29 3 29 15
v27v29 27 29 2
v2v30 2 30 9
v19v30 19 30 11
v23v30 23 30 19
v3v31 3 31 12
v5v31 5 31 20
v28v31 28 31 15
v6v32 6 32 3
v15v32 15 32 1
v21v32 21 32 10
v2v33 2 33 16
v6v33 6 33 3
v11v33 11 33 3
v5v34 5 34 9
v1v34 1 34 5
v7v34 7 34 17
v4v35 4 35 14
v12v35 12 35 4
v14v35 14 35 19
v3v36 3 36 4
v4v36 4 36 20
v9v36 9 36 18
v14v37 14 37 7
v4v37 4 37 18
v35v37 35 37 8
v28v38 28 38 14
v3v38 3 38 5
v31v38 31 38 15
v1v39 1 39 10
v3v39 3 39 10
v9v39 9 39 7
v1v40 1 40 15
v2v40 2 40 12
v11v40 11 40 11
v15v41 15 41 17
v5v41 5 41 3
v21v41 21 41 17
v5v42 5 42 7
v2v42 2 42 20
v22v42 22 42 17
v9v43 9 43 19
v4v43 4 43 14
v14v43 14 43 15
v12v44 12 44 9
v24v44 24 44 18
v25v44 25 44 16
v2v45 2 45 13
v5v45 5 45 16
v15v45 15 45 13
v3v46 3 46 7
v27v46 27 46 6
v29v46 29 46 11
v27v47 27 47 20
v3v47 3 47 9
v28v47 28 47 1
v7v48 7 48 13
v5v48 5 48 1
v34v48 34 48 1
v5v49 5 49 3
v28v49 28 49 3
v31v49 31 49 12
v3v50 3 50 11
v16v50 16 50 15
v20v50 20 50 2
v3v51 3 51 14
v4v51 4 51 5
v19v51 19 51 15
v9v52 9 52 7
v14v52 14 52 13
v26v52 26 52 9
v4v53 4 53 7
v14v53 14 53 18
v43v53 43 53 10
v2v54 2 54 11
v3v54 3 54 5
v10v54 10 54 10
v4v55 4 55 15
v1v55 1 55 4
v12v55 12 55 16
v23v56 23 56 20
v2v56 2 56 16
v30v56 30 56 4
v5v57 5 57 16
v2v57 2 57 11
v42v57 42 57 15
v3v58 3 58 14
v28v58 28 58 12
v47v58 47 58 10
v15v59 15 59 19
v5v59 5 59 6
v41v59 41 59 14
v14v60 14 60 2
v24v60 24 60 7
v26v60 26 60 14
v14v61 14 61 4
v24v61 24 61 14
v60v61 60 61 17
v5v62 5 62 5
v34v62 34 62 8
v48v62 48 62 2
v2v63 2 63 12
v10v63 10 63 13
v22v63 22 63 12
v12v64 12 64 15
v4v64 4 64 18
v55v64 55 64 7
v26v65 26 65 15
v14v65 14 65 17
v60v65 60 65 8
v28v66 28 66 12
v27v66 27 66 7
v47v66 47 66 15
v15v67 15 67 9
v2v67 2 67 2
v45v67 45 67 11
v5v68 5 68 7
v41v68 41 68 8
v59v68 59 68 4
v19v69 19 69 13
v23v69 23 69 14
v30v69 30 69 1
v14v70 14 70 12
v43v70 43 70 3
v53v70 53 70 16
v2v71 2 71 1
v6v71 6 71 4
v33v71 33 71 4
v28v72 28 72 18
v27v72 27 72 15
v66v72 66 72 6
v3v73 3 73 10
v5v73 5 73 3
v31v73 31 73 7
v23v74 23 74 3
v2v74 2 74 8
v56v74 56 74 16
v30v75 30 75 18
v19v75 19 75 10
v69v75 69 75 17
v27v76 27 76 1
v66v76 66 76 19
v72v76 72 76 2
v3v77 3 77 12
v1v77 1 77 13
v18v77 18 77 20
v5v78 5 78 1
v28v78 28 78 2
v49v78 49 78 5
v27v79 27 79 7
v66v79 66 79 11
v76v79 76 79 4
v5v80 5 80 11
v10v80 10 80 9
v27v80 27 80 3
