1 5.000000 0.000000
2 3.724484 -0.249997
3 3.344729 -0.292661
4 3.975566 -0.192726
5 3.682307 -0.313880
6 3.815619 -0.260491
7 3.988804 -0.235160
8 4.813527 -0.035875
9 3.971227 -0.188507
10 3.620951 -0.275624
11 4.003102 -0.209297
12 4.076188 -0.171208
13 4.012399 -0.188535
14 4.021153 -0.181427
15 3.755880 -0.273302
16 2.670582 -0.951103
17 3.901235 -0.253888
18 -2.500000 -4.330127
19 3.856450 -0.215074
20 3.129692 -0.599914
21 3.757124 -0.279731
22 3.703427 -0.261086
23 3.906155 -0.207394
24 4.049841 -0.175888
25 4.054881 -0.175066
26 4.011091 -0.182602
27 3.558513 -0.296255
28 3.554790 -0.302922
29 3.552226 -0.290038
30 3.832961 -0.223017
31 3.534391 -0.303801
32 3.769859 -0.270771
33 3.860002 -0.239724
34 3.984998 -0.241216
35 4.042282 -0.178088
36 3.531331 -0.262334
37 4.021489 -0.182077
38 3.426506 -0.297026
39 4.088557 -0.163904
40 4.182596 -0.165457
41 3.699573 -0.305084
42 3.697443 -0.286851
43 3.995592 -0.186927
44 4.063990 -0.173395
45 3.725265 -0.270711
46 3.480816 -0.293562
47 3.532231 -0.301310
48 3.835876 -0.276840
49 3.615027 -0.308335
50 3.112875 -0.593041
51 3.818803 -0.218245
52 3.996220 -0.184878
53 3.992296 -0.188240
54 3.503706 -0.278381
55 4.573300 -0.079702
56 3.828603 -0.224657
57 3.704315 -0.279303
58 3.487040 -0.299412
59 3.696943 -0.306036
60 4.025220 -0.180545
61 4.027172 -0.180250
62 3.821241 -0.280422
63 3.684586 -0.261883
64 4.323004 -0.126403
65 4.020505 -0.181299
66 3.554422 -0.298191
67 3.729555 -0.256368
68 3.693540 -0.307970
69 3.839409 -0.221384
70 3.999608 -0.186142
71 3.762260 -0.250034
72 3.556933 -0.297429
73 3.587046 -0.307699
74 3.853248 -0.219690
75 3.845687 -0.218864
76 3.557797 -0.296721
77 -2.500000 4.330127
78 3.636887 -0.310005
79 3.557374 -0.296860
80 3.592493 -0.294966
